67 759
177 176
759 1119
97 81
329 330
533 177
113 112
1307 1431
363 29
658 7
548 108 1185
3128 4302
401 600
222 97
2056 623
24 187
2051 361
174 330 97
105 100
772 1223
7 271
499 174
1172 7
758 1632 361
796 97
222 35 97
361 81
361 81 222
567 92
1407 35 97
35 1407
441 2012 361
1955 1462
212 187
1508 671
4296 80
411 33 350
586 35 97
4614 1632
580 62
900 17
52 878
473 402
62 1059
24 77 361
1114 486
275 1119
304 30
361 310
927 165
82 935
100 2352
362 361
0 167
807 61
426 350
97 86
416 935
527 108 1185
7 299
211 1807
2124 7
360 658 7
606 1195
100 26
1431 43
30 304
621 578
207 819
139 506 5
100 2368
1405 350
523 524
222 361 81
927 357
363 53
0 119
1644 361
77 24
2517 100
1002 316
796 463
1502 174
127 208
78 114
445 26 250
971 35
299 7
353 360
1917 1340
100 31
968 1765
28 29
586 361
26 62
334 1673
1323 161
219 498
219 256
1043 258
275 157
473 7
7 1186
473 207
100 2147
361 1014
1155 161
1717 100
29 206
586 100 250
53 233
1489 406
806 275
29 208
31 100
673 760
77 1012
77 3432
361 1004
161 1323
382 623
171 29
245 992
1965 361
174 362
35 97 222
119 267
2517 372
174 119
81 222 97
211 555
2559 211
146 463
507 7
8 239
735 246
361 1236
79 137
175 174
46 424
353 61
524 523
250 1917
329 165
1082 575
281 533
1420 175
100 74
35 222
382 2228
3 890
382 2227
330 623
522 1012
164 1194
106 107
1420 161
17 623
329 157
7 440
267 832
596 326
361 157
7 219
47 211
1917 250
76 131
654 690
360 1186 7
1236 361
100 50
176 177
361 164
1429 671
271 7
172 753
112 113
110 1012
1012 382
26 206
110 109
362 174
211 113
161 1155
2443 361
382 1187
31 78 211
97 35
382 219
62 1872
246 993
382 2227 1012
758 3327
206 26
275 107
174 330
2251 97
411 412
97 222
33 350
174 330 62
623 2056
62 1626
7 473
211 2239
1205 1752
575 555
1119 759
527 62 695
2256 555
365 80
361 382
49 361 81
1012 110
62 174 330
24 1
361 586
248 2203
61 235
147 455
405 211
2121 373
899 1148
555 211
690 360
145 608
1148 899
929 100
2301 49
7 246
2337 2239 100
1800 481
481 1800
7 1570
987 1142
361 1644
219 426
344 62
361 362
139 506
75 35
165 927
460 2154
299 42
206 256
97 361 222
137 79
109 250
382 91 1012
576 180
178 890
97 251
975 976
515 61
81 222
1737 7
270 165
35 2281
1012 522
527 62
222 1832
165 270
26 250
586 35
173 172
78 76 131
2041 78
24 25
1592 250
1431 304
713 334
809 437
81 207
1012 77
445 759
759 578
137 97
499 78 211
35 586 97
759 330
1953 652
2295 361
33 105 100
2239 100
1014 361
2271 2256
303 144
251 97
347 629
1012 304
56 759
324 7
3327 1424
842 100
97 49 35
1570 7
2352 100
97 174 330
1632 883 318
208 29
2243 184
596 34
172 553
559 178
766 78
673 361 437
81 97
17 759
673 361 81
304 1215
157 350
100 1717
613 976
1932 161
119 174
247 171
174 175
7 1082 299
588 316
690 1672
3128 450
157 361
1509 17
382 1187 199
49 35 97
673 1752
507 24
100 993
3034 3128
467 426
49 659
289 810
481 34
890 178
82 284
761 147
374 372
832 107
214 360
1872 62
1162 759 330
165 2475
7 658
7 1737
239 8
74 100
1004 361
211 2337 2239
987 1142 82
393 26
250 445 26
424 46
304 145
78 211 499
578 621
508 654
619 161
174 97
418 175
52 498
623 17
1153 293
329 1114
2202 671
62 410
695 527 62
1142 82
17 1509
174 24 222
24 222
100 369
410 62
267 42
440 7
157 329
250 426
1187 382
578 619
127 98
2227 1012
1962 373
933 1194
1967 673
215 596
100 396
2337 2239
24 81
186 164
250 1592
1467 409
165 219
78 76
1114 1053
673 1967
361 27
275 806
2297 100
350 426
245 11
350 1405
127 72
100 393
127 70
1215 304
3493 2352 1154
211 31
473 357
171 29 206
411 33 82
492 228
161 626
107 832
172 393
2281 361
40 5
211 47
284 782
1303 361
1012 382 2227
293 1153
82 1142
822 437
246 7
161 619
171 110
457 759
361 49
72 2256
24 77
527 29
1493 425
1090 809
172 379
2227 2228 382
61 807
516 105
931 2198
172 173
72 361
109 110 171
549 29
304 61
328 35
114 361 382
623 444
411 412 62
72 127
81 24
24 54
330 174
361 2051
673 361
100 105
361 2295
165 490
441 713
91 1012 382
211 78
402 388
527 109 250
372 374
3432 77
1626 62
690 654
4577 4336 1632
2147 100
361 2281
1194 164
441 2012
434 207
256 206
7 145
215 1805
4336 1632
1012 372 374
1765 25
62 126
796 146
1082 299
426 219
4556 4533
369 100
100 2217
91 1012
2511 361
250 1644
1187 199
714 2227
372 2517
167 62
108 1185
211 499
360 658
426 467
1807 211
199 382
671 1429
440 463 316
382 714
969 17
54 24
361 437
361 81 49
1350 1334
4336 1632 4577
161 353
473 2695
361 673
78 499
78 255
455 761 147
222 2268
150 735
361 1166
498 52
61 304
361 2012
62 344
1613 107
62 580
235 61
441 681
186 164 361
1 24
307 109
706 2203
303 35
33 100 105
171 199
441 2452
361 890
1729 929
2695 473
819 424
20 1775
2535 225
2198 931
595 219
250 26
29 549
161 333
956 957
782 284
219 165
86 97
161 1420
199 1187
361 2234
35 303
2228 382
35 24 77
426 250
62 1340
7 2124
83 425
145 7
165 81
334 1673 78
374 97
113 211
131 76
1436 316
61 515
208 127
819 207
357 927
491 100
463 1987
78 33
53 363
219 382
70 127
76 78
1114 329
457 100
445 26 393
78 211
1126 441 2012
533 281
330 329
46 335
473 316
935 82
673 35
619 578
0 247
761 147 455
361 2217
256 219
24 174 222
758 1632
62 411 412
576 219
1926 1611
325 24
219 595
145 304
1289 2337 2239
48 151
2352 1154
333 161
360 1186
555 2256
61 161
681 441
695 527
236 165
2227 714
241 174
364 79
556 557
318 883
35 586
382 1012
62 26
2252 174
332 336
499 211
127 364
596 215
100 1528
883 318 1632
100 809
1644 250
353 629
629 347
219 576
303 311
935 416
1775 20
1334 1350
623 1014
1407 35
78 211 31
330 759
311 303
361 2660
222 2096
548 108
7 324
344 2691
49 2301
298 331
1205 1206
1844 361
174 222
759 1093
107 275
629 353
180 97
107 2691
1012 215
1090 809 1155
890 361
502 832
606 667
27 139
97 330
1329 2361
382 2227 2228
1155 1090 809
2263 350
527 316
498 219
219 7
919 920
146 796
440 463
199 171
361 1303
976 613
523 524 361
62 167
27 361
299 1082
7 356
388 62
2337 2239 211
732 733
2243 2340
2217 1644
361 222
382 361
1543 2285
97 796
361 81 97
61 353
527 1122
1687 1945
425 83
284 82
98 127
555 575
490 165
2423 161
883 318
714 382
360 690
284 74
97 586 35
332 550
100 1343
267 502
62 388
78 2041
1857 316
49 361
332 316
1528 100
527 108
993 100
161 61
463 146
316 1002
114 78
1059 62
527 109
455 147
416 284
326 596
1563 78
373 215
187 212
405 516
97 361 81
222 361
157 275
3347 250
388 207
164 361
24 507
34 596
1424 3327
759 445
74 284
80 319
79 304
1312 363
316 408
1672 690
24 77 35
809 437 206
1182 174
1119 275
33 78
180 576
319 80
109 150
78 1717
759 457
86 628
219 2256
26 100
351 177
344 30
713 441
178 559
33 82
5 40
2228 2227
961 206
151 48
2660 361
277 593
82 33
671 215
626 161
975 976 613
2256 219
1082 299 7
254 147
760 673
2239 211
207 388
3128 758
809 1090
330 97
350 157
177 533
7 507
33 56
1581 759
890 3
310 361
2217 100
329 810
97 174
361 441 2012
388 402
863 1563
316 1436
2475 165
2691 107
211 113 78
2217 329
994 175
222 174
78 211 113
211 405
97 180
477 976 613
139 336
7 473 316
207 81
237 177
2217 361
100 250 586
1633 444
81 361
72 35
110 171
527 29 316
929 79
3128 758 1632
267 119
107 106
810 329
336 139
382 199
1187 199 382
329 78
1162 330 759
444 623
809 100
126 62
534 524
2227 1012 382
79 128
1162 759
79 364
2217 596
364 708
96 369
86 206
105 516
623 382
78 329
357 623
4581 3128
128 79
2274 361
1223 772
488 491
759 56
4533 4584
222 24
78 1563
463 796
62 527
364 127
411 33
49 35
463 316
335 1439
1765 968
100 491
353 161
100 250
473 316 7
445 26
361 1903
4533 4556
2227 2228
437 361
673 671
150 109
186 284
596 2217
81 165
3859 1053
402 473
161 1932
369 96
832 267
2096 222
987 441
516 405
408 316
344 275
361 382 114
411 3347
171 109 110
109 307
987 206
578 759
477 976
222 35
4571 3128
35 97
1805 215
165 329
900 82
250 100
299 7 1082
2419 524
2452 441
759 17
284 416
1953 652 82
1014 623
206 961
623 357
131 78 76
262 1304
1644 2217
150 735 246
1166 361
350 33
35 75
35 222 97
187 24
7 96
652 82
109 110
25 13
50 100
215 671
13 25
1402 437
356 7
222 81
671 1508
623 329
926 161
499 78
1832 222
1368 1053
2252 174 330
272 273
2281 35
393 100
1186 7
735 42
35 49
25 24
600 401
623 330
3493 2352
361 917
2268 222
1439 335
1432 1926
316 463
534 929
96 7
329 623
1340 62
2096 250
492 304
108 1539
